image_width: 640
image_height: 480
camera_name: narrow_stereo
camera_height: 0.14
camera_matrix:
  rows: 3
  cols: 3
  data: [647.523279, 0.000000, 314.869465, 0.000000, 645.170980, 245.975189, 0.000000, 0.000000, 1.000000]
distortion_model: plumb_bob
distortion_coefficients:
  rows: 1
  cols: 5
  data: [0.168080, -0.534676, 0.000825, -0.000146, 0.000000]
rectification_matrix:
  rows: 3
  cols: 3
  data: [1.000000, 0.000000, 0.000000, 0.000000, 1.000000, 0.000000, 0.000000, 0.000000, 1.000000]
projection_matrix:
  rows: 3
  cols: 4
  data: [640.198975, 0.000000, 325.964345, 0.000000, 0.000000, 658.809143, 225.5, 0.000000, 0.000000, 0.000000, 1.000000, 0.000000]
